image: /home/robot02/maps/playground.pgm
resolution: 0.050000
origin: [-8.523085, -8.387529, 0.000000]
negate: 0
occupied_thresh: 0.65
free_thresh: 0.196

